40 21 33
10 35 15
12 34 9
47 30 23
28 34 45
19 42 1
6 36 20
23 6 14
49 47 23
14 38 22
32 21 35
37 7 33
46 19 40
35 16 2
49 35 4
43 5 47
13 48 43
7 3 5
28 49 10
38 5 50
38 36 49
38 13 20
23 11 41
5 22 21
45 6 18
23 26 43
14 17 28
22 6 37
28 25 47
36 9 45
24 35 32
37 6 32
33 35 36
7 22 46
4 8 26
1 30 28
36 5 49
33 11 40
37 10 43
47 34 15
23 15 25
23 8 6
3 31 37
9 28 17
26 23 5
25 12 41
28 39 12
26 4 7
15 14 7
36 43 38
13 25 6
10 33 32
6 17 18
45 39 6
6 15 13
12 40 19
22 3 1
37 19 39
43 22 9
37 13 38
17 39 10
50 18 50
33 17 38
14 22 32
22 6 48
33 33 10
24 24 40
9 27 6
23 17 1
48 39 10
6 22 5
19 42 32
31 21 41
28 46 45
46 21 39
26 25 4
31 13 36
47 40 41
42 7 50
27 1 19
26 18 26
8 33 8
47 36 38
24 41 41
50 12 49
30 16 11
1 30 20
19 12 42
27 39 33
29 49 46
39 30 15
28 39 7
16 12 9
46 20 49
13 42 44
50 11 26
21 42 47
10 48 21
27 46 43
39 28 25
4 39 17
36 2 47
39 28 37
2 4 18
45 39 9
4 28 1
14 17 47
34 8 13
28 47 13
13 38 12
10 17 48
22 19 48
41 11 24
17 35 3
18 44 26
11 31 32
37 9 45
14 13 37
24 45 33
13 38 14
21 46 39
2 2 45
1 16 1
50 25 6
23 17 31
50 42 2
42 37 3
44 19 24
47 3 14
36 15 21
36 28 17
19 7 24
39 25 50
46 6 42
16 14 32
29 47 38
43 6 49
48 3 36
37 4 45
1 27 26
42 49 19
7 35 5
30 42 11
47 21 22
23 2 26
43 20 15
14 3 35
43 27 46
46 41 13
27 5 10
7 17 20
42 32 23
40 10 21
40 35 43
46 27 34
45 6 1
1 1 25
28 20 27
16 40 12
48 46 40
35 36 47
16 45 4
17 11 12
10 32 1
4 24 40
10 25 30
4 49 5
17 40 35
13 19 15
44 47 22
26 11 8
13 19 14
27 22 32
30 23 25
19 18 12
41 40 35
31 13 33
12 9 31
24 47 21
33 2 39
35 41 47
24 32 27
1 1 12
25 29 41
10 9 13
42 8 45
50 43 30
13 49 23
32 15 28
42 49 30
39 42 8
39 34 1
21 26 4
2 9 32
7 31 3
28 30 1
37 16 43
31 15 2
3 46 43
36 38 1
16 50 3
27 27 38
18 50 35
26 34 32
17 28 47
5 16 35
46 26 38
36 34 15
6 8 46
50 22 10
21 25 27
18 33 33
18 5 19
41 11 45
2 14 32
15 14 49
44 12 26
15 35 21
38 38 16
25 23 38
19 46 22
44 23 44
36 16 1
36 49 39
11 42 20
32 9 33
14 1 25
21 28 1
15 8 18
7 44 33
6 18 30
9 2 21
26 49 44
9 36 34
9 37 10
15 32 11
18 14 47
45 4 9
46 41 22
2 41 16
27 20 44
42 32 32
27 27 5
2 47 24
43 23 36
39 41 41
32 28 8
5 19 33
37 1 42
33 39 21
34 15 6
8 36 41
28 34 43
35 8 46
28 1 23
28 34 42
44 34 12
22 15 6
32 25 38
17 9 24
31 20 15
40 32 3
39 18 28
21 42 16
47 30 13
26 48 17
42 22 20
25 6 9
26 17 33
39 45 42
47 50 25
34 30 26
9 1 20
32 45 35
15 35 1
9 7 18
34 14 24
20 26 2
7 11 6
22 2 9
40 29 22
14 25 46
4 6 10
32 3 46
29 22 49
22 47 19
39 45 28
26 38 21
36 42 33
33 41 34
24 18 1
13 43 13
37 6 48
24 16 22
3 36 48
2 12 17
26 25 41
7 36 39
6 17 30
15 8 48
31 36 38
6 14 27
47 1 45
4 8 20
34 23 33
40 25 48
20 34 6
41 1 19
41 30 23
24 8 28
22 30 4
40 9 48
36 23 36
48 8 50
20 49 4
47 44 42
30 17 15
38 11 1
23 44 38
23 17 24
11 14 18
2 9 12
44 16 1
44 47 42
44 19 34
1 24 22
13 47 14
9 38 50
28 16 43
15 22 14
14 13 15
49 13 1
31 37 6
43 45 5
27 33 7
47 28 10
8 9 37
33 27 48
16 43 21
35 40 44
1 39 2
49 2 50
39 26 10
45 23 28
17 2 12
5 31 12
47 43 37
2 4 19
5 25 1
17 45 39
23 35 31
27 33 48
23 23 34
34 7 21
44 11 45
15 11 15
21 37 27
33 33 28
9 40 11
40 17 11
15 11 37
4 28 2
41 48 25
34 39 5
46 21 45
27 23 3
41 31 10
25 36 28
1 17 24
26 17 8
3 27 45
30 33 13
19 38 46
10 34 44
26 32 35
5 25 9
29 19 19
37 49 16
42 33 22
22 22 22
47 39 36
33 34 5
39 17 30
40 6 7
20 23 3
50 13 20
3 48 7
46 38 1
29 14 35
31 5 18
29 16 37
23 20 42
13 48 45
15 6 34
39 46 15
34 14 47
35 4 5
12 36 29
32 38 37
29 48 40
24 35 25
16 26 16
11 13 37
50 9 23
37 37 48
18 19 12
6 8 45
46 37 4
14 43 1
17 38 25
46 21 14
48 10 3
39 39 18
6 11 27
5 48 44
12 40 41
46 27 29
23 12 45
47 6 19
8 2 17
40 9 34
40 18 1
9 7 15
14 29 48
25 21 6
24 40 6
26 49 23
44 6 28
18 14 23
49 23 45
8 13 5
40 7 30
18 3 15
26 50 44
33 39 42
2 21 4
9 41 19
19 14 17
11 26 11
48 36 28
18 40 48
35 5 2
11 8 3
14 37 25
46 42 26
39 8 19
3 33 49
11 8 17
14 26 38
38 23 13
11 50 28
18 33 37
11 5 7
13 20 19
47 33 8
17 11 27
26 7 39
42 25 7
18 13 27
10 7 35
20 28 16
16 7 9
16 13 13
9 2 33
20 21 44
29 10 26
28 46 43
39 3 19
12 18 22
31 7 45
35 49 43
4 37 47
9 44 18
26 36 40
48 37 29
9 48 38
18 47 35
10 26 38
1 28 2
32 38 50
19 15 26
28 25 7
11 34 1
32 46 13
23 5 10
9 23 4
27 20 26
50 6 46
24 40 26
24 10 2
28 40 8
45 10 3
11 40 32
11 44 15
23 32 22
21 2 21
9 49 19
15 49 42
43 31 41
22 24 38
17 7 24
30 29 11
31 18 43
4 12 39
50 50 15
48 35 1
36 11 24
38 11 14
8 33 19
46 38 19
13 47 25
31 8 16
26 36 21
16 46 3
37 39 45
37 4 7
35 41 2
49 14 28
11 14 12
1 16 37
49 18 10
50 28 30
27 43 11
44 44 22
22 14 40
34 9 14
34 11 43
7 28 13
11 45 10
23 6 7
10 28 13
6 31 15
25 34 16
25 45 6
13 44 6
6 8 50
30 35 12
38 9 19
24 23 14
7 8 20
19 36 5
17 1 38
25 41 30
12 6 19
15 2 32
12 45 48
28 31 48
37 32 41
30 12 43
45 38 11
45 10 28
25 25 7
49 50 42
13 8 43
14 42 6
18 40 22
28 8 46
35 26 16
21 4 50
12 36 45
32 21 14
3 47 11
4 19 12
36 34 4
44 25 2
1 39 15
2 49 34
28 17 19
8 13 42
4 8 42
33 26 42
21 35 43
11 15 6
26 10 1
3 25 48
28 2 49
12 27 12
19 9 32
3 44 49
7 46 35
40 36 25
1 19 47
36 24 37
38 24 48
12 41 47
28 42 48
27 13 10
12 6 39
7 33 19
7 45 15
22 17 47
41 20 7
25 5 2
8 14 37
6 47 48
22 12 1
18 6 2
26 47 34
43 7 6
18 8 26
32 17 4
18 13 5
9 3 38
50 6 43
21 11 46
14 12 50
3 14 35
26 24 43
32 8 37
25 3 22
34 39 36
9 7 11
42 6 49
14 30 13
36 29 39
9 7 24
23 8 31
35 12 10
11 2 44
32 2 30
19 45 12
34 37 22
15 9 2
7 9 6
26 44 44
23 39 6
3 32 37
27 35 39
39 21 7
16 47 22
49 44 40
44 23 30
15 3 47
11 47 37
17 41 29
13 24 24
16 26 17
15 45 8
8 13 40
24 26 3
37 18 26
29 49 22
24 10 50
3 47 36
41 48 40
37 8 28
26 43 32
32 35 1
12 5 32
1 5 44
10 27 41
3 23 12
2 43 42
26 44 32
11 25 47
28 16 15
34 12 39
6 37 14
10 40 11
7 10 33
43 10 31
47 45 24
47 28 16
13 44 23
13 35 17
45 43 23
39 19 7
12 23 27
14 37 34
16 4 36
8 27 40
26 16 8
20 1 3
3 49 13
37 14 14
8 6 6
41 19 17
20 34 43
21 33 16
40 50 43
48 13 2
47 1 36
29 4 49
41 48 16
27 48 6
2 3 7
37 27 25
44 8 37
13 27 37
15 24 22
39 22 43
30 21 9
31 6 41
34 20 5
20 29 18
7 15 3
3 28 44
3 9 13
49 44 29
20 25 18
49 25 9
37 15 10
15 33 35
47 16 37
5 34 5
50 17 24
46 3 10
5 36 7
50 44 49
45 39 7
2 20 40
18 36 27
37 21 17
47 43 4
14 33 25
42 11 5
44 49 48
20 13 1
48 24 46
39 45 41
49 12 44
44 9 35
46 29 18
50 31 34
40 50 1
35 37 44
47 19 39
13 9 12
25 35 40
31 35 6
5 49 12
23 25 48
29 1 13
24 22 29
1 26 34
19 47 4
6 7 2
1 17 42
28 48 43
21 43 45
37 30 10
35 35 36
30 18 43
27 28 34
6 22 27
49 47 3
23 3 27
24 2 23
11 46 30
15 1 45
32 3 21
33 31 9
8 24 48
50 44 45
28 26 19
1 21 3
15 12 19
3 27 1
30 49 38
23 23 37
39 10 9
20 15 10
16 30 37
47 19 46
42 30 25
1 8 1
26 41 42
16 29 11
36 5 20
13 16 46
43 41 26
35 27 20
34 3 49
22 26 23
48 10 12
39 10 16
23 39 50
38 34 13
34 16 39
41 3 12
28 13 40
28 2 32
32 41 2
25 50 44
28 23 47
44 23 11
32 40 30
3 13 44
18 22 7
22 3 21
7 22 46
45 32 10
17 33 27
5 34 19
24 44 44
43 43 41
49 29 9
23 44 22
21 50 32
28 28 16
8 30 29
5 19 12
33 12 45
9 13 42
1 38 37
39 22 49
7 47 19
44 24 10
6 33 13
43 33 40
38 34 40
22 20 14
19 27 35
46 45 10
43 32 49
17 33 20
33 23 6
11 15 33
10 48 36
41 44 42
2 13 48
21 24 39
8 2 14
7 44 6
31 48 47
13 15 24
32 47 17
32 25 1
29 33 49
22 27 11
6 21 13
26 7 40
46 3 17
5 46 49
50 48 19
19 36 38
19 20 33
38 19 21
12 38 50
34 14 34
28 9 32
6 15 18
11 31 16
19 15 33
28 32 35
25 20 28
42 42 40
46 12 8
27 29 3
7 38 30
23 28 15
2 23 25
3 50 42
2 36 29
6 17 29
28 50 10
4 47 5
20 18 20
37 8 28
39 32 19
43 37 3
50 20 22
6 4 47
40 32 7
22 46 43
40 13 17
36 14 33
12 23 24
35 14 46
34 17 26
6 20 38
41 29 45
39 40 40
10 44 15
38 8 33
17 24 2
44 47 16
23 13 8
14 31 29
8 41 18
43 49 11
26 6 33
40 28 45
25 35 38
49 42 4
25 49 47
10 32 50
37 20 28
16 49 24
3 49 5
40 24 32
12 24 35
3 33 48
14 30 27
42 39 36
11 8 32
21 10 25
25 20 8
47 20 9
11 35 20
48 13 19
35 35 41
15 18 25
44 40 24
23 45 10
29 31 4
3 2 49
25 19 22
28 24 40
38 24 1
4 41 27
45 27 3
50 9 15
7 20 23
4 39 34
22 16 13
35 42 41
35 29 25
44 44 27
5 29 16
13 2 12
19 11 35
28 3 33
1 45 50
41 50 44
33 48 41
49 46 13
36 38 6
2 26 11
12 31 35
38 12 27
2 11 48
38 12 11
21 1 28
18 22 15
14 21 36
32 5 28
28 30 35
8 9 48
17 24 18
1 7 25
5 17 3
45 25 26
12 48 45
14 43 30
3 16 35
26 11 21
26 21 27
25 18 27
26 1 13
33 17 29
35 13 48
3 16 45
45 21 7
34 50 46
27 40 13
16 49 25
16 9 16
4 42 43
34 18 40
7 12 35
32 39 4
34 4 41
11 22 35
21 16 42
15 23 5
5 45 44
39 29 43
45 46 28
18 21 16
11 14 40
24 23 25
21 7 4
32 30 15
13 20 28
39 20 37
34 31 43
7 22 24
14 31 42
34 18 44
6 29 15
15 30 40
21 22 14
2 9 2
8 37 20
36 42 5
41 26 4
46 46 44
10 7 5
8 30 33
33 4 19
22 11 42
5 17 50
13 22 40
17 24 46
13 48 7
38 38 37
7 18 15
24 44 38
29 39 21
44 14 18
17 10 29
40 8 5
40 8 34
27 50 27
37 8 17
1 40 11
33 50 3
19 37 44
1 15 49
7 7 31
23 35 13
33 33 13
19 20 38
7 32 5
14 16 39
30 6 3
28 6 26
49 35 11
35 39 32
47 47 34
21 33 6
18 42 47
14 41 42
26 3 22
41 35 12
23 2 37
44 16 3
50 45 27
33 38 9
40 10 15
43 19 21
48 18 11
8 41 39
45 39 7
7 31 12
10 32 44
10 1 45
4 27 29
37 13 39
4 20 34
47 48 10
21 9 11
44 22 8
6 28 44
17 31 27
22 11 46
31 8 9
21 21 6
46 14 11
27 10 20
39 5 17
46 4 16
50 46 1
35 44 13
19 25 46
48 13 28
34 14 33
35 3 11
8 41 17
14 1 45
22 32 33
20 4 37
36 43 41
14 19 43
41 42 37
5 40 46
6 7 47
14 19 17
9 5 24
24 8 14
41 25 24
43 2 11
43 33 30
33 4 29
34 4 16
44 49 26
25 17 2
9 13 28
11 34 25
7 2 29
34 3 20
34 41 32
19 31 31
22 48 13
20 27 26
9 13 3
50 1 12
37 8 47
26 12 4
31 11 21
36 24 13
29 47 23
32 12 33
27 20 3
35 33 4
34 38 38
30 10 12
26 31 14
21 36 30
31 23 21
23 33 16
34 2 25
36 50 24
4 9 4
6 12 43
19 26 14
24 32 5
35 26 8
10 8 50
48 19 45
43 42 1
35 49 12
32 47 28
9 46 35
40 8 21
44 24 41
19 39 11
27 23 3
18 10 18
13 17 6
15 47 48
39 9 6
25 1 29
27 28 31
2 33 10
23 1 2
50 1 13
21 16 9
6 7 16
49 46 18
30 29 36
15 21 44
25 29 11
8 16 16
15 21 22
22 24 32
40 27 5
11 21 6
30 21 28
27 16 43
40 8 49
31 20 34
25 49 25
27 14 31
22 29 25
19 46 10
50 27 3
33 28 3
42 5 10
25 32 48
42 45 15
27 5 39
6 27 2
14 9 43
15 13 33
30 47 35
16 33 5
17 22 48
36 6 5
14 37 35
31 23 26
47 21 15
37 25 12
19 7 35
27 13 18
12 46 24
18 40 22
47 44 9
15 8 50
44 18 17
42 43 25
29 30 4
28 50 30
17 47 32
3 47 20
28 12 6
41 5 11
32 4 11
42 50 32
36 17 21
2 3 11
15 8 46
17 28 33
12 34 36
29 47 40
11 3 22
30 2 2
41 24 7
32 6 2
20 1 29
49 4 25
36 29 43
26 18 20
11 19 28
1 48 23
14 3 31
41 4 15
20 17 36
20 21 48
33 29 14
23 33 18
25 43 25
5 40 1
14 7 19
3 15 14
19 27 28
3 24 33
47 41 26
40 1 20
17 9 48
21 26 21
19 30 46
12 43 24
24 6 10
2 10 14
15 50 3
44 5 37
13 23 23
25 44 13
11 9 43
30 49 25
9 1 46
36 35 23
21 3 17
31 14 12
12 16 46
18 27 25
40 33 24
36 26 20
31 38 33
30 38 10
7 5 39
42 8 12
15 38 26
15 7 35
50 15 43
18 49 42
37 10 36
4 1 13
10 41 46
18 5 32
46 26 32
41 38 37
24 48 21
45 31 13
8 17 10
43 2 6
3 48 42
38 50 43
27 48 38
5 46 46
45 20 29
13 18 22
46 16 27
30 6 33
41 4 36
27 28 29
11 18 42
17 13 2
1 11 31
31 23 13
9 42 7
1 35 49
47 16 23
17 11 29
39 32 10
14 19 41
41 4 26
33 5 33
21 17 15
21 30 50
44 46 32
5 38 24
14 20 13
33 46 32
43 15 21
11 29 35
49 4 30
36 17 3
6 47 29
40 48 6
9 48 36
10 2 16
50 49 26
35 49 10
34 24 11
33 47 2
23 1 40
19 6 33
43 15 38
22 47 37
28 24 21
7 41 25
49 1 5
2 45 33
39 12 42
2 26 2
42 18 30
7 3 27
32 35 35
10 36 30
4 25 46
20 35 21
12 3 3
25 40 45
1 32 27
35 38 37
19 14 5
35 2 9
40 26 38
37 16 30
8 48 50
23 43 25
1 19 47
22 32 19
35 33 39
11 1 34
26 17 3
24 12 50
17 27 50
6 4 36
10 30 22
34 29 36
22 17 26
35 19 26
1 26 2
28 38 1
25 1 6
26 34 8
36 12 19
12 32 26
35 14 29
50 12 6
20 23 18
21 24 4
5 21 9
32 22 18
5 26 27
19 17 44
38 47 4
18 50 39
18 19 50
33 18 42
33 19 15
14 2 21
49 26 34
2 2 40
19 30 47
49 1 8
36 11 23
11 7 41
15 23 9
8 45 50
46 23 8
26 47 50
19 4 27
22 25 38
16 3 48
27 28 48
50 20 14
35 21 24
33 2 5
21 26 6
44 14 1
2 49 19
25 8 43
20 27 35
5 45 19
37 3 21
1 20 31
45 33 4
50 34 20
21 38 6
46 49 27
11 37 27
2 9 24
1 29 28
32 47 29
26 20 29
14 38 5
22 9 14
43 10 21
7 36 8
36 34 16
43 6 49
18 47 24
5 28 48
35 44 43
24 2 31
9 14 23
15 15 36
28 4 47
17 37 5
8 16 16
15 14 29
40 44 43
4 25 16
23 18 43
48 16 42
14 48 26
50 14 18
23 44 19
12 36 17
32 14 11
39 22 18
18 1 27
14 17 47
47 49 43
16 35 18
44 36 22
12 11 44
25 39 25
46 31 4
36 30 45
12 36 2
28 12 37
11 42 6
10 49 42
24 48 49
24 20 26
27 16 2
40 38 17
41 43 1
7 37 49
1 19 38
32 40 22
6 41 37
15 33 29
8 5 23
29 21 28
1 44 47
38 25 5
10 3 22
16 18 25
7 14 50
14 3 8
47 36 44
32 46 39
22 49 17
31 10 21
1 3 49
28 23 9
5 3 19
12 14 38
24 22 48
34 29 38
44 50 34
28 28 13
9 43 21
45 7 11
28 23 46
22 48 50
39 12 25
24 39 6
6 29 50
33 41 7
4 33 16
48 37 16
14 33 16
44 29 19
20 11 43
40 28 34
12 6 45
37 2 6
17 40 7
23 44 38
50 38 29
13 28 47
29 18 42
39 26 22
48 15 25
46 33 31
30 39 36
35 2 37
26 9 43
3 7 39
37 44 46
2 39 9
49 49 1
34 14 28
21 11 7
44 42 20
50 47 18
36 38 14
25 20 1
16 6 47
6 12 5
18 35 10
22 37 41
40 47 11
19 48 30
15 30 22
30 47 31
20 14 5
1 1 26
13 20 35
8 2 21
12 2 46
43 37 33
3 48 19
42 12 31
18 8 28
5 8 38
24 50 41
19 33 33
38 16 41
26 45 34
15 16 25
19 42 5
47 2 25
37 38 29
21 2 16
27 34 42
8 40 49
25 21 14
5 25 28
33 1 5
16 7 22
11 50 2
40 5 44
43 35 46
36 1 6
3 15 30
8 32 23
10 31 6
48 27 1
30 7 13
40 41 16
5 39 20
50 13 9
2 31 25
7 49 11
26 8 47
45 32 3
47 47 4
45 8 43
35 29 41
48 32 10
40 27 44
11 1 44
36 32 26
48 39 19
27 2 2
21 11 6
16 23 43
2 37 7
24 17 34
47 45 23
40 19 9
4 18 49
12 28 39
38 10 14
23 31 18
35 10 1
32 18 14
29 36 45
50 13 17
9 38 32
26 23 7
36 6 3
1 1 31
44 2 12
6 40 7
1 20 35
19 5 48
20 1 28
8 43 1
40 26 42
24 30 44
39 5 1
5 24 15
12 20 10
31 2 28
19 27 2
50 40 26
23 45 23
5 48 15
23 41 17
22 27 26
7 26 8
17 32 40
33 39 30
37 47 5
35 36 37
13 46 41
37 17 21
24 38 15
39 7 46
33 33 45
27 19 39
44 26 42
26 5 25
36 27 16
50 22 47
20 36 4
37 6 32
8 50 28
27 20 23
31 49 35
22 15 47
19 40 10
50 45 45
10 8 28
39 15 21
31 18 2
17 26 48
3 50 28
30 22 23
47 50 31
1 33 42
26 19 45
41 10 43
36 44 30
6 30 28
42 43 14
8 39 35
12 42 43
44 39 43
8 48 7
39 10 16
36 6 39
31 2 48
27 16 39
15 28 14
14 44 30
37 12 38
17 40 49
17 29 19
30 43 33
28 8 46
40 1 40
17 27 24
48 35 12
40 5 10
1 5 16
8 31 5
15 44 22
41 33 18
15 45 40
21 8 13
16 25 44
46 33 15
16 44 27
28 17 37
11 12 13
44 13 24
26 5 21
44 8 32
40 25 7
36 39 36
49 33 2
13 1 22
28 15 11
30 9 49
46 47 38
46 46 9
45 1 25
18 31 42
49 44 15
47 20 47
34 4 6
33 12 17
9 50 48
4 32 16
10 25 37
17 42 23
30 28 16
39 17 20
3 45 43
15 39 39
23 48 1
31 9 26
17 49 23
50 38 49
35 5 22
49 44 20
44 8 32
32 2 15
8 21 19
7 30 28
16 16 11
47 15 37
9 12 2
45 49 35
39 11 1
22 8 32
26 40 26
25 23 50
50 31 21
20 27 5
28 37 37
24 41 35
34 48 18
38 8 33
11 38 3
44 27 16
2 3 26
48 36 5
31 29 41
2 19 36
6 26 42
22 50 22
36 39 50
18 26 36
4 34 28
43 7 8
1 6 50
43 36 13
30 33 5
2 44 7
25 4 1
14 2 48
12 6 38
40 22 2
40 33 26
43 41 12
1 12 36
48 13 31
3 42 22
29 18 43
46 42 33
46 47 14
15 34 17
17 30 28
19 45 32
43 28 40
23 42 13
23 43 43
41 16 11
49 29 35
9 1 21
36 29 4
21 42 25
14 47 33
29 10 22
46 42 49
46 31 2
27 19 41
7 5 31
21 24 13
40 31 36
42 49 41
28 29 40
3 20 8
40 11 34
35 19 13
10 30 36
39 21 38
1 50 9
42 28 38
30 23 48
26 22 24
32 37 40
21 9 6
15 16 41
1 22 28
19 45 5
16 8 11
39 33 25
48 28 20
1 37 14
28 15 24
36 48 10
31 1 29
21 11 11
2 32 21
19 23 21
20 15 46
37 22 30
23 32 40
28 28 13
22 30 40
31 25 9
46 17 2
47 3 35
31 40 5
9 17 48
28 10 29
45 16 2
11 33 35
25 4 28
29 3 22
20 28 14
37 19 5
24 45 20
11 31 5
50 33 26
11 23 34
8 38 23
33 27 15
8 34 18
22 8 22
30 18 36
37 1 37
25 32 14
16 24 31
9 34 4
3 39 13
34 49 20
5 28 36
9 10 6
18 12 33
47 28 1
34 3 31
27 31 50
43 48 12
20 41 27
40 42 16
50 25 5
50 3 30
45 46 43
46 50 23
10 47 5
50 18 45
34 32 3
1 18 47
39 31 34
28 24 3
10 21 33
10 43 28
8 6 37
25 6 49
38 45 43
15 12 8
21 44 26
32 35 2
7 18 36
45 25 7
26 44 13
14 49 16
33 39 31
50 39 14
38 20 33
30 3 15
19 31 14
13 9 1
36 18 12
37 41 39
3 40 9
44 26 31
13 24 4
2 19 16
6 37 40
50 35 45
33 17 35
47 35 40
50 11 20
36 17 40
40 40 47
25 37 22
4 23 38
43 21 30
20 23 18
45 42 21
42 46 42
49 20 10
12 49 22
30 1 3
12 34 40
26 24 41
9 5 41
41 2 27
11 28 24
31 8 45
10 8 45
8 40 24
22 44 33
43 40 36
2 36 32
12 25 18
35 31 7
41 6 12
20 7 2
46 37 12
25 22 26
18 24 10
15 38 11
38 13 38
40 38 32
33 41 32
10 21 19
39 49 7
40 18 6
5 39 49
41 15 50
22 23 23
50 45 13
22 49 9
3 9 33
46 41 23
27 37 12
44 39 18
44 19 31
48 40 39
12 43 26
16 15 8
36 9 1
34 18 50
17 37 3
39 17 12
21 14 9
34 28 38
36 37 30
28 16 40
1 43 8
29 9 9
3 42 39
25 50 8
16 7 46
37 28 46
50 36 47
44 10 12
28 20 40
35 44 42
8 22 18
2 11 18
37 7 31
21 36 23
4 27 6
32 31 26
11 43 15
49 26 15
46 28 19
47 10 46
23 17 35
12 28 33
42 9 12
5 47 36
49 17 34
38 2 40
36 50 49
47 27 6
36 48 18
41 40 39
10 1 48
8 22 11
26 50 16
42 23 36
14 5 29
29 1 39
11 17 34
16 37 1
1 2 41
13 36 48
43 35 39
29 19 47
46 29 7
29 15 21
13 38 22
14 10 25
32 26 49
37 48 15
16 48 19
32 11 10
22 23 44
22 40 37
15 6 28
21 14 14
14 36 28
19 15 1
45 24 31
40 34 12
49 16 47
29 39 40
48 22 18
45 5 8
6 24 40
20 41 1
47 21 41
3 10 11
14 9 37
12 2 50
18 22 13
23 5 39
42 49 43
35 32 34
4 38 1
31 13 48
45 37 35
19 32 35
18 45 28
24 31 1
28 27 17
49 6 10
40 22 45
37 26 17
15 27 27
12 33 44
47 9 40
45 21 1
42 7 10
42 20 10
6 1 49
49 11 15
10 26 7
34 8 28
21 9 44
24 1 20
3 38 19
50 48 14
34 20 9
12 35 3
39 48 8
23 24 46
47 37 26
8 47 41
42 16 2
35 50 47
18 21 4
43 31 42
12 11 48
24 40 31
22 28 44
20 39 18
37 34 26
30 27 26
25 9 16
32 31 47
11 5 20
10 19 7
19 45 4
30 33 40
42 26 23
9 45 36
15 11 10
41 40 28
27 28 32
35 22 30
37 19 37
12 40 1
42 22 9
19 26 4
5 2 37
24 43 44
28 5 48
3 43 25
21 47 36
48 44 25
37 33 25
18 30 4
19 49 36
34 7 11
24 25 8
30 10 26
48 48 2
10 14 44
38 35 35
34 13 43
16 6 47
35 39 4
50 43 33
28 35 23
26 17 9
6 9 37
36 42 33
26 11 21
22 39 33
42 36 16
38 31 44
45 15 48
50 32 22
30 47 4
15 2 5
33 35 50
38 35 31
41 41 24
36 16 18
3 32 15
23 2 15
46 37 34
13 13 44
17 19 8
6 29 9
25 38 7
49 38 38
34 48 44
33 12 38
11 12 44
38 40 6
3 10 46
15 14 31
50 34 20
33 33 14
50 1 45
29 31 4
21 37 28
31 27 7
50 40 37
27 14 12
14 33 46
31 22 30
8 28 43
27 24 47
34 26 24
27 1 18
18 42 32
38 15 3
33 38 6
13 27 43
6 30 44
20 18 48
31 47 8
25 47 22
37 23 34
43 44 22
49 41 2
35 3 13
24 8 26
16 7 28
40 44 29
29 49 10
41 31 24
41 24 23
26 46 24
21 30 32
43 7 37
22 18 29
37 17 16
29 43 49
15 49 50
22 48 36
16 2 18
1 22 26
2 17 17
21 49 33
47 47 19
9 7 41
15 48 45
30 16 36
49 48 25
36 23 26
14 34 41
46 25 45
42 41 27
43 19 40
16 1 34
7 9 20
21 22 45
12 41 50
46 10 4
9 21 38
22 17 18
36 12 41
15 14 42
22 30 14
24 22 9
4 49 8
19 23 17
13 7 6
14 50 25
41 5 35
5 22 17
46 14 36
17 27 35
7 1 13
12 18 45
16 31 16
6 14 33
13 24 37
22 26 42
31 47 24
8 21 22
15 30 35
11 49 7
20 39 3
9 24 31
26 37 18
17 34 42
25 14 27
50 32 39
35 20 48
35 21 6
33 42 47
11 31 4
16 21 44
48 9 31
48 21 40
49 2 21
45 30 20
22 32 43
48 34 41
15 1 47
34 46 18
5 30 32
40 6 25
23 46 16
38 17 18
46 39 10
44 31 39
43 50 37
40 30 37
32 47 48
32 21 10
14 8 17
29 41 9
40 31 19
1 21 35
44 47 46
7 7 23
28 1 35
12 24 3
27 49 26
34 47 34
36 37 23
17 8 18
14 42 33
34 47 28
17 24 5
31 32 9
36 27 28
12 9 13
36 13 36
29 13 28
47 42 41
32 34 32
1 48 1
43 31 9
38 21 13
45 38 29
44 13 12
2 43 4
14 37 38
31 13 8
45 44 31
41 24 7
47 22 23
49 43 22
37 34 3
11 3 6
7 41 29
6 42 7
48 18 5
41 34 36
26 32 17
44 35 2
25 10 37
10 17 44
45 40 23
20 9 40
18 40 21
39 47 43
13 49 32
2 47 8
29 41 42
16 9 19
17 17 35
37 14 37
45 23 23
16 9 4
50 17 15
43 29 23
37 34 9
21 31 26
11 23 33
32 8 46
46 34 42
28 25 23
37 42 23
45 33 34
49 49 35
43 21 32
22 40 48
8 32 12
14 42 41
12 32 6
48 21 17
37 48 17
49 43 24
18 43 14
21 39 39
15 43 14
33 6 6
28 37 13
47 35 46
17 42 36
30 50 24
7 26 43
38 29 28
48 13 19
25 12 17
23 30 39
36 12 30
1 13 8
38 48 15
43 40 32
49 36 27
2 19 43
8 29 2
36 50 3
18 24 50
7 40 14
20 30 33
19 38 46
5 26 17
5 26 36
11 26 23
31 32 19
45 28 17
21 1 22
27 9 32
4 19 14
4 13 13
10 27 14
26 16 50
23 6 19
47 32 46
1 43 1
44 25 26
19 19 39
12 23 32
46 1 14
26 2 17
45 10 46
18 23 17
22 46 32
30 27 29
2 20 26
7 11 44
25 17 33
15 19 32
44 40 9
47 11 45
45 39 21
34 17 28
50 46 47
40 44 49
34 45 48
41 9 9
26 29 32
10 11 4
20 39 41
16 31 50
41 19 27
5 42 20
10 10 31
13 27 11
8 1 5
21 31 13
24 34 2
38 3 21
9 6 4
38 32 22
43 11 15
36 48 35
32 24 15
29 44 29
33 21 21
11 46 12
21 1 41
49 10 31
38 12 14
43 49 15
43 29 50
26 7 7
23 5 14
18 29 36
19 50 37
34 9 13
26 20 44
27 30 37
48 12 12
7 31 12
33 35 22
7 43 16
6 17 13
33 20 45
1 36 33
31 26 39
28 42 33
20 26 32
48 35 48
27 38 27
37 37 9
50 42 4
36 25 39
20 30 9
49 13 15
43 22 11
16 20 16
15 37 47
34 40 30
8 31 10
5 26 37
24 50 30
24 19 44
36 9 3
17 21 39
21 19 13
16 29 37
27 47 24
9 19 49
38 31 1
49 36 11
3 11 36
21 12 15
5 16 28
8 34 42
28 1 27
12 7 38
49 41 1
38 28 11
29 38 44
26 31 40
31 17 20
5 28 41
5 16 14
45 14 49
48 14 31
25 41 27
41 47 45
46 47 3
13 4 29
9 31 13
2 22 43
3 20 10
15 27 4
19 27 25
6 44 24
15 16 20
38 15 20
45 33 46
40 32 32
37 30 11
49 36 15
44 25 4
31 21 18
32 39 46
9 35 47
11 36 46
24 44 50
5 29 20
27 24 49
41 18 5
47 9 15
50 48 29
45 23 31
32 7 22
4 41 20
24 33 27
18 34 27
19 43 38
34 48 25
35 14 18
37 18 48
12 38 16
49 20 12
42 43 49
19 35 22
34 29 5
18 38 30
15 9 35
2 47 2
18 22 14
5 36 22
27 10 11
36 18 47
4 3 35
9 4 26
37 46 46
24 21 1
41 44 16
47 10 48
25 48 40
29 20 20
44 31 17
34 8 45
43 7 38
34 37 1
44 35 6
45 49 26
30 31 26
26 27 16
21 14 1
29 14 27
32 37 33
16 9 3
21 25 10
6 40 38
3 42 35
3 32 38
32 21 2
6 12 39
29 38 26
4 1 47
39 34 46
9 28 40
47 7 29
42 10 12
27 31 28
26 30 31
43 3 1
47 31 1
25 17 3
42 13 20
25 3 45
42 27 39
28 39 18
16 16 8
39 38 8
44 4 38
49 10 10
36 24 12
32 9 36
20 40 2
18 37 31
27 47 4
9 1 24
18 42 19
2 46 45
42 44 39
19 15 33
36 21 22
36 50 36
29 15 45
14 16 10
39 22 46
12 23 14
46 14 46
16 24 39
13 25 30
43 27 31
36 34 39
21 50 28
14 8 1
26 32 19
46 8 6
5 10 21
26 47 47
29 14 8
47 30 7
47 13 16
33 25 43
10 28 32
24 4 12
19 31 8
1 23 27
2 1 32
15 13 46
33 7 18
49 33 14
18 11 20
23 48 39
27 7 45
30 8 4
9 44 49
24 28 7
5 16 16
13 12 26
46 21 4
50 34 4
28 28 13
31 47 28
38 34 49
46 16 9
44 13 25
27 30 21
41 47 47
34 38 42
33 14 4
37 27 31
36 39 16
15 19 6
28 41 35
3 6 30
17 41 48
12 4 23
31 18 42
34 35 2
45 11 48
8 4 12
16 35 40
11 37 45
5 37 12
7 43 50
1 20 42
30 33 7
34 17 34
23 34 44
30 9 34
45 3 26
7 11 8
44 49 18
19 1 49
9 20 12
17 33 20
29 33 1
39 38 23
49 47 14
35 40 17
39 49 26
32 43 30
41 23 32
23 39 18
41 30 41
2 17 35
7 6 24
28 4 40
7 2 38
25 23 25
23 24 38
14 46 39
4 40 46
45 28 36
36 14 15
39 37 32
10 24 46
23 50 5
44 31 15
23 43 42
32 37 22
14 23 27
7 4 42
43 32 19
5 37 28
37 22 23
10 5 20
30 47 40
7 5 25
2 8 4
44 9 50
7 43 32
45 34 46
44 42 2
42 23 14
6 20 15
10 35 15
45 3 26
35 3 49
36 12 32
15 29 23
34 7 27
14 21 26
37 4 39
7 47 13
44 25 42
10 47 38
46 33 41
12 25 37
47 9 15
40 18 37
36 27 15
42 23 16
38 2 25
38 41 19
47 13 49
48 14 6
42 17 24
29 45 32
1 41 2
44 17 50
25 40 14
24 21 14
28 2 28
5 30 33
45 49 38
28 18 36
33 50 12
14 10 47
14 26 13
48 11 38
22 35 40
42 43 50
33 47 48
31 50 30
41 25 10
6 36 49
23 20 16
17 48 43
30 26 6
28 30 23
50 22 31
33 28 1
20 11 42
19 26 25
36 14 28
33 45 43
16 46 38
31 27 2
23 40 31
7 42 21
20 36 48
47 50 20
6 1 45
45 28 15
10 43 29
16 4 11
32 33 49
8 13 50
17 31 40
41 15 26
31 29 13
35 43 42
43 35 18
23 3 10
44 23 24
21 9 5
40 38 17
21 40 25
47 20 32
28 1 7
46 44 4
23 30 23
46 12 19
15 42 40
35 24 1
4 39 27
24 48 47
30 22 11
38 16 42
6 14 4
12 25 30
39 44 47
32 27 10
29 29 2
39 37 42
3 49 24
48 36 18
18 17 42
8 36 16
3 38 48
28 38 12
16 25 32
17 4 30
46 15 38
3 37 42
26 47 24
11 27 9
33 35 34
30 24 37
34 1 15
6 34 37
46 6 9
35 18 17
31 44 7
30 28 12
21 49 24
19 26 7
31 16 38
32 19 24
11 28 12
1 15 15
6 50 12
48 37 15
22 12 30
42 22 38
5 28 46
5 4 2
2 48 41
10 15 21
47 25 49
2 47 6
16 22 49
24 27 4
26 1 43
22 50 4
25 4 4
27 15 41
23 39 40
50 50 3
6 22 11
14 23 26
10 38 16
14 27 49
15 31 48
50 38 46
1 46 44
40 35 34
12 9 23
8 28 11
3 1 16
18 13 36
8 25 2
34 31 39
3 42 30
8 1 3
3 25 8
14 43 40
44 28 37
13 26 17
19 11 19
25 45 4
44 11 42
23 22 39
29 50 15
48 42 27
13 42 12
41 48 29
40 9 33
29 36 21
8 29 43
28 2 31
32 30 30
15 4 3
38 16 35
11 9 18
7 28 7
31 16 39
17 34 12
39 10 21
39 26 50
39 29 49
9 33 20
9 27 33
37 1 18
42 7 43
30 7 2
7 47 5
44 4 23
16 43 3
15 44 15
14 16 29
39 47 39
35 29 45
37 38 28
15 42 12
36 20 7
31 12 21
15 20 9
48 25 2
40 40 45
44 5 3
41 26 22
41 1 37
26 42 3
27 42 15
12 46 34
10 24 27
16 42 45
15 41 35
38 15 28
41 28 4
20 26 12
12 48 1
27 9 17
4 45 44
25 7 1
21 36 8
42 24 39
7 6 45
7 46 29
16 36 47
1 13 33
11 7 38
21 42 45
13 25 23
29 36 40
21 42 4
26 19 37
27 47 24
10 17 22
31 6 47
25 49 2
9 12 31
49 40 41
34 31 25
5 42 34
42 32 43
1 45 5
38 19 23
31 37 42
7 27 28
48 5 44
19 24 15
7 2 43
28 3 30
43 47 22
8 46 37
13 9 16
10 14 20
14 50 22
48 33 13
26 3 16
33 2 34
10 31 16
39 20 22
11 22 44
42 49 6
16 38 6
27 19 4
25 38 2
34 2 30
48 3 20
45 33 31
50 39 37
25 16 12
22 41 4
6 43 22
19 8 5
14 25 33
18 21 3
15 28 45
13 24 32
31 20 44
49 27 37
39 11 12
37 23 40
13 1 9
1 42 19
47 22 43
30 47 39
29 7 31
13 33 24
17 3 24
23 37 30
29 27 28
37 2 37
50 14 32
48 44 32
27 13 47
46 3 17
30 8 22
29 30 24
37 9 15
27 41 50
42 20 3
49 15 16
19 33 14
18 20 17
31 37 8
36 50 36
35 1 3
35 3 29
36 3 36
31 32 9
5 42 36
20 48 42
2 31 20
27 22 21
10 11 34
31 1 8
36 14 21
17 27 27
1 8 29
9 17 34
22 43 3
23 34 39
39 10 22
31 49 18
11 10 35
36 44 7
39 11 13
5 4 17
6 43 24
48 23 25
14 26 32
27 22 31
29 31 30
12 26 19
33 47 33
18 31 44
47 25 26
3 6 48
44 30 13
10 46 46
25 48 25
6 28 21
46 16 29
13 31 19
8 5 36
30 33 25
18 8 42
50 46 7
47 50 5
16 16 27
24 24 17
12 23 22
24 1 49
27 9 33
22 35 44
48 3 37
38 41 48
5 25 1
50 43 8
46 6 27
18 7 31
21 20 7
32 3 47
14 20 39
25 35 10
46 50 34
13 35 16
44 29 47
45 13 37
27 42 2
34 45 16
46 48 8
46 18 33
33 40 32
10 40 7
42 27 12
38 13 12
17 50 19
42 25 14
41 33 7
13 24 22
4 41 44
46 20 14
15 15 19
16 43 25
